10258708
90727095
71539796
8247183
70135318
65431390
72135139
10466925
7444285
70743428
81306288
21926661
75575521
76401318
2995148
11847569
15100914
63117347
68627303
75517415
12491045
8642307
37563911
60850009
69425079
78852759
79063887
1400070
3666919
61452968
8524489
12123622
16999015
74326190
78236344
84592297
75764632
89850847
2557026
10287363
772894
3151015
5673785
72410285
72996973
72070691
71655629
1209016
1528629
6154428
8206833
16744376
46219471
63676154
68071549
90543131
91539098
79318731
10659848
12488724
56050751
45730161
67540709
70315379
78580184
87813009
75296739
4096104
8426856
12633684
65126194
73914717
91145851
91108501
81024170
2609199
8046663
536440
6898773
14757686
14931763
60797755
13679251
65018773
69614247
85205712
78171374
75943787
88519867
75092622
64169643
16748714
62188697
16435287
33456271
16082575
41773241
65645769
65802069
80877874
78153059
88304149
75623204
5384567
3921282
4927984
9159424
12734529
6081186
53349101
62329923
63720689
13385260
61964403
54767811
74591612
72032570
68254523
71586056
66947315
71430746
68780748
68325218
82027610
78160898
87123785
84208593
78907413
2481288
2926402
2957577
6250190
11016852
4119245
861187
24403451
56640741
60776064
23172981
64322720
15232718
43865151
66241687
67976638
66213996
67199484
71100142
74879737
69292911
76423928
78278329
88385813
89160781
81434692
91217118
5564767
3302777
4250024
2030307
11421822
11102580
10319874
15493514
63920967
37934501
16869671
60886698
62297140
17410069
16960561
65607413
67204737
67755007
70294292
69634806
65117707
90984519
77014514
77244359
78426407
86547763
89414147
75372277
78533863
8647650
3001334
5775938
7682490
11277493
10127578
2560749
9188742
8212530
16033869
30692001
54445651
63514338
14510923
18167172
17380488
15036397
34321711
66211014
73390801
71350313
70625832
74911301
64962419
65989449
67653031
74625078
67619943
74250587
75419623
82492738
77052505
91236046
7946793
8192953
11335416
13176911
2323940
11435612
6526074
57598911
15661190
16329637
61256514
57719221
18752211
69497946
71578197
66985565
69794865
68965877
69733434
73205697
83671708
76310214
79345729
82550184
94636848
78361807
77279367
79962226
75265469
78468571
94914090
1730398
5832569
9391101
6914695
5600091
4343780
9420701
4297595
11433264
13280907
10188258
6829354
1926589
10353921
3407958
6405162
16762601
14245093
63992344
45790471
17217573
36995311
59454851
29177071
61898421
14047278
17270322
17964785
66107883
69990343
73388496
70679517
74984635
73357729
72482166
66761683
71142799
67589109
65483312
69992142
71752391
72581182
67758791
90146311
83204020
77705560
93970958
78461516
78368276
8818789
7561859
4675615
6132153
14663882
36839571
63610804
52503871
61805276
50929511
14556837
64384132
15148124
25671361
65443904
70312948
69124664
70405744
64766302
72541825
73994908
70083584
66302827
71051592
71615450
77023726
78543531
90282069
79535742
77682184
81508148
76068551
84707419
89827469
92234118
96254942
87954089
4701067
9971564
6521475
8629910
5375255
12668977
3275927
7107386
5667620
63983298
14147479
16498595
64230569
38095111
62392492
41112091
15676309
17528473
67687597
64580001
65301357
65850390
69920682
86483013
82973838
76455055
85017611
77355543
87904287
83888799
86452109
80619478
97774228
86307237
84039329
3369711
2159153
11689986
1863914
5999869
8198424
13085516
13014284
2247288
7880174
11331629
4403979
4257083
13148373
15136498
37368811
61080156
62530583
14491576
55678111
60835820
66676859
70823508
68288613
72718191
66703496
73378305
70586395
74457421
74035232
66893259
69035594
90714907
87360055
91415418
77664234
81234030
77603443
76218879
89216421
92125584
77329649
89911461
89056103
83735798
8431767
12369894
774905
5563439
11979974
7524272
5826100
9100736
13259634
10737055
55954551
14440304
13421009
56047801
64049872
26341801
61949274
62176636
56930031
20370431
72935484
68221676
72462639
73214241
72033090
70563713
71148057
72269660
85051554
78446434
77705868
86451941
77158575
76551964
6991004
9114730
12985555
8028053
55629131
32238981
61776943
62742762
28073371
62707024
63776202
13382403
34575991
14873288
14201087
16287865
14012408
14693816
17801250
17963617
74396670
71840449
72787889
68670357
73009950
68220174
69121790
72875132
73853929
69841660
75401504
92129718
75286204
90055837
75125497
86847717
75212845
1364404
11856914
6240693
891436
3850238
12697219
4432859
6422598
4841406
49553651
60838240
55366941
14538246
15735462
18172952
16053451
36741151
13471586
37260501
57787651
61210275
21838201
74330740
73184322
64706999
71647994
67810265
74162962
66320486
68267799
68058194
71605337
74583904
67429227
71418484
65838489
66382929
74831447
67751351
70761560
72549866
72527358
74710553
83785402
98104668
81863242
83930047
80788398
83355578
78650008
78780122
77586629
99107038
89106253
77674537
75549879
78077516
77810916
81246014
82445156
2586286
4630502
7747321
6495689
12220488
8966603
2410091
5726259
11173693
1674626
14320658
15792789
58484831
59858331
15409904
16622424
13509734
16162722
16347072
71358064
65850520
66541060
72325972
71379069
72277601
66931072
69562013
66295263
71614478
65081458
74770835
73044122
75735062
85369522
84986265
89978661
79938348
83504220
89071893
84768993
78867449
85884367
89658637
8599257
7761148
1702066
3464299
11725882
6260076
4940699
4819939
9779570
15825404
63423553
64200398
23724351
14954817
52147611
47057261
69815375
70292437
71603224
64516028
71708675
71173042
73549639
74476228
70463099
74411753
70151784
66755681
70962170
82900774
93868746
81956284
78315219
99677218
85540098
86837991
83628768
92169672
75997659
78530149
76503289
80947484
2555176
2057449
2484112
6739525
11640186
1118030
8478319
20595241
42232481
60741126
62315343
61107680
61339484
62048229
63766620
43430201
46510391
55007601
64422296
22549011
64104781
63883063
64813415
74709640
71179576
73399731
65290774
73638064
71349507
76455835
75666691
77960617
78349466
87722879
90075069
76372266
94073932
96246640
89233599
77787512
80966354
76570826
87226779
4954825
4189327
1711270
4729155
4967715
11051209
7695006
9566254
10200421
13123158
18008990
60987641
63331372
17165097
14201825
62945228
13685758
14861779
33291631
69237717
66237014
74215323
68559485
70769431
73203277
64550046
78758277
84922427
84538015
86255145
82548950
94436884
78595139
80593378
86319349
1869815
9103959
9088995
9476033
12343704
9214703
4313595
9472834
5953902
6862149
7541920
8750746
5222185
5316158
4524232
28495341
25580011
13749961
17950794
60992209
16397274
14827425
16201983
66293468
70608592
64699288
74951498
65391788
72461447
68788868
71152082
71560165
66685987
70555369
73854012
71876015
67839834
73201591
75066331
86744433
88593241
82925846
80492204
89790609
78671626
84582213
75159440
79297993
91011063
75479128
2287585
1286176
9943235
11790246
1103326
3473230
8979556
9883417
5466246
12848552
6271760
4556695
7888115
5632174
10206502
7925568
16103952
23190261
39917131
63816989
63264439
31102171
53489001
67346349
69043121
67552090
68068261
73882686
65668966
72609857
75131988
89813133
91917646
92169736
86262325
80933110
91412514
76118727
75677523
90546071
81899946
7784560
4517211
1243656
11517123
12126020
5147891
12119896
14603033
63590356
62228580
56552931
16256608
17460500
17099088
13550230
17605922
52491881
39955981
62500634
42415611
50405761
18018384
66181073
67093926
65292429
70411902
70292834
73363564
73691383
67582502
71579567
89454833
90117913
82138970
90052073
89623327
85324704
87926321
82938704
88991703
2405183
8422045
7584125
11643845
1672747
10752377
1481358
1955175
10524260
5698694
7235600
936457
10041539
2261410
64330503
15123380
53471471
16950738
70366909
69501553
71938672
74571723
66268564
78216243
80893728
82264336
77699618
86514651
77273513
91503926
2704335
2840362
5074544
6344074
4678105
23372091
61258057
13779595
64258200
14841167
63730180
15080702
61220152
64126400
51245031
23527011
60878713
72783014
66786687
70977719
64460833
70870518
69946823
84063179
89184603
83063136
5344097
1589044
1936363
9331740
8855569
8419426
585200
11130036
12561291
62264016
36449671
14229391
15430061
36012181
62019639
43957041
17084042
16133496
73331759
69818709
73246025
65954048
65845323
69180862
75710556
80962504
78695208
78405037
75249221
79177655
88365603
80455166
2693105
9757537
2970306
8348762
3648429
9176639
4156841
46183361
16015457
18054075
61076942
61582313
46822571
73626918
65007713
72071167
74863964
69551279
78074950
76572516
77649073
79032380
81608188
87623241
91940648
11521425
9240886
12220450
14150982
61449519
15864476
16995428
62343841
70151283
65503200
68825735
73933929
66543219
74066212
91091131
78745107
77522417
9627370
12547602
8883995
12650242
33357171
61139071
15597432
74805689
74512312
73675971
67744137
73687753
90256929
75605075
81888572
92373474
81791220
11565079
12280130
3164755
3338125
61159458
63336157
16878842
17489120
18161074
65991636
70045109
87045823
4566336
8458109
10343177
3411439
1805436
3513394
9702723
4405502
39874111
45265831
22299021
56939851
70077941
71242791
73814281
74738131
68344627
71764550
74677465
70744165
95955228
8570739
11602496
46725701
16169324
14218071
20590281
20912871
72759996
65155203
69618629
73561246
68091989
74041643
76729905
78436103
75851194
83294786
81038580
8307491
5479603
16302319
29946871
13526995
74173803
67467804
81539762
75463284
83141690
13070544
4157260
15447602
23540241
17587494
67181610
71972153
67785320
68710493
67427521
76375991
62652749
53801451
29056981
90988663
79775986
78158755
84085449
85089986
21926321
68734298
76993066
98400694
526229
7854296
74042578
12150665
72756274
99757138
78802486
9597446
1125208
78041957
88026203
26388241
61377345
75696425
