35788601
34307660
36256898
33014135
34653653
33025805
35860519
33065445
34201671
33117600
34505978
33127478
35780859
33162830
35832324
33165899
36013383
33274628
34148567
33380949
34247194
33395497
34432374
33438580
34541196
33448981
35032093
33548251
35787023
33576067
35831037
33630666
35849301
33658147
35956438
33714737
36205091
33894279
34143966
36284658
32049531
32509711
32192225
29878680
32752024
30326470
32070389
30353911
32438879
30405284
32686735
30409823
32859025
30456825
32053717
30610730
32137127
30760197
32233152
30800938
32498743
31287479
32603741
31683599
32729366
31767535
32812355
31821733
32863401
32047607
31512988
25984056
23381659
27988876
19745059
29738904
20180974
26679540
20306047
28128411
20312760
24620635
20525885
25501283
20795315
26325774
20961785
27866805
21113933
28079163
21284482
28662169
21294723
23976069
21390505
29593253
21490602
25406679
21542387
25776424
21603473
26157834
21612140
26351327
21788954
27862959
21875134
27969116
22088037
28012381
22149709
28084542
22210250
28577612
22454517
28720055
22645361
24962318
13783321
18531635
17009268
1966113
12317706
2112439
15871744
3515924
17861393
6339660
12115558
6348382
12612366
6385218
14386965
6414795
16616574
6472701
17643760
6577371
18219069
6989385
18647227
7647161
12144018
8116239
12348356
8123842
12874324
8278118
13989251
8683596
15550171
9001027
16499589
9653950
17007048
9854801
17345877
10280828
17852949
11028094
17971506
11139445
18353045
11322673
18588873
18985376
18906895
11951621
11521789
35547644
34593141
35966602
33484707
34898118
33486639
35805524
33534455
33110177
33538351
34678114
33012457
35114115
33050547
33005115
33597803
33360635
33128019
33404008
33640326
34520320
33128931
34642421
33664662
34685865
33667869
35071284
33679206
35306730
33681078
35743341
33690680
33315871
33159412
33327520
33796775
35881416
33798502
36070491
33809039
36241881
33052229
33228776
33917363
33251186
34033080
34619389
36281483
33252464
36295352
34678738
36320468
34797131
33064957
33253872
33187416
35108698
33201928
35249931
34242458
35387046
33216143
35584800
33216261
35750224
34314583
33300490
34316236
35794576
34347995
35818768
34381016
33351754
34392821
33379739
33220892
33066596
34436596
33081699
34448221
36160008
34459107
36230465
34462115
33089078
34476138
34485987
36324978
36315586
34106387
34123837
32923906
32382700
31932427
32815034
30253015
32131556
30320478
32508643
30325822
29993778
29881713
30043770
30339681
32225529
29897514
30101739
30373538
32655637
29926960
32909652
30442301
31901393
30506788
30007398
30507853
32083600
30549979
32203849
29936162
32357113
30616889
32424428
30681680
32451601
30681826
30167042
30695793
32671410
30703317
32881677
30772188
31804599
30841565
31882817
30912977
31909661
30924853
32013055
31052562
30014319
31065274
32081575
31095319
32095928
31111607
32173500
31126046
32219778
31170042
30088274
31184650
32359470
31250221
32395068
31302995
32427739
31304413
32445315
31381662
32501615
31508822
32525845
29866862
32648861
31586117
32660118
31595861
32732290
31623508
32857440
31672402
32891267
31713169
31738779
31709511
20707117
20668717
26957039
20185908
21478956
23387830
29025907
23849446
27653179
23930372
27983186
21551272
28459021
24078243
28745155
24104564
29240593
24204845
27430375
24311529
27843941
20961587
27926041
24793435
22326366
24810427
22506443
24836967
22535866
29322165
28720189
29328950
28759186
20270833
29129125
21638800
23197581
29804042
27011023
21639405
27503519
25477939
27770607
21017840
22165846
29858812
27914150
25588579
22295894
19730709
22316486
25775728
22345789
19972883
28102900
25818136
28375885
21959171
28553957
26024737
28610534
26052897
22751911
26109898
28736191
21963685
28749332
22083703
28840507
19985553
29103439
26531841
29163230
26553506
29298529
19740138
26924011
29419431
25003764
29688032
25113685
29786784
25257275
29843571
25369889
25569635
18136012
16844474
15846764
11010163
17689905
11010793
6373622
11019262
2196576
2365036
17209680
11102360
9557163
2847855
18433597
11147394
1944668
6426012
6345569
1852859
16656406
3148347
8973353
19037714
17527796
6563626
17831296
12022475
6363996
6564568
9944710
1908948
18540107
12182048
11001272
6755890
15572957
4381450
15864091
12492179
15908407
7120724
8715359
12650469
16669322
7461070
8778599
12975446
17198707
13187846
6363862
13253916
9337417
13401030
17751562
13723249
9343452
5870728
17950689
13861916
18063006
6331362
6366833
14281946
18408026
14362525
10032240
8119442
10199994
14561763
10464405
14976706
15090544
19212463
19495345
11598752
36234845
32933819
33275968
34236350
34093208
33024504
33384219
33397549
33829503
34308552
35945599
33401262
36164403
34314839
36276954
33432034
35473106
33068296
33803732
33200080
33892460
33482470
34010394
33069657
35984198
33031918
36114769
34479185
34118863
33536204
33364411
34500220
32937683
33218045
33761187
33219756
33789238
32927924
33127867
33221216
33127978
33050662
35790786
33231241
35808429
33238902
33946118
34660173
34053994
33240837
35977821
33247422
34076267
34681691
36103281
33673171
33364115
34782004
34110358
33677822
36232543
34807677
34119079
34846017
36276912
34935952
36284158
33116138
33050786
34201230
31263928
32206989
32100821
31463401
32421567
31500276
32845855
30398579
32136939
32917889
32254355
32922068
32475513
30641747
32688696
31591641
30233157
30650980
32129998
31596423
32189237
30671564
30940715
31669415
32336901
31670554
31130954
30679069
30125175
29969742
30571342
31708939
32781255
30241444
30196616
30401050
30258829
31715215
32112936
29925831
30884049
31813170
30064988
30420843
30084056
31844347
31426607
31848830
31063905
31851619
32282533
31866377
32373104
30713317
31119763
31888345
31167130
30721568
32497161
30744687
32589704
31980158
29964039
30749660
30184706
29946110
32710976
30427447
32824301
30042019
32849290
30774743
32862977
32084510
32091333
31458722
29757302
29190372
24337284
22517585
26942300
27485931
26103477
27494777
29035493
20587495
26854674
20613365
29571331
25204525
27271460
22669040
20182946
25310533
26434831
22031444
26544151
23144069
26733404
25413296
29399569
23197558
29518876
25486037
24920925
22036141
27206433
28006404
28708910
21576857
21756253
28019713
26240436
21136762
24346606
28079216
26527357
20240217
21816070
25747978
24745304
28103910
22481487
28114172
29308580
23889858
22496080
28351359
29403070
21613169
29509591
20043657
29570140
28516930
19803139
19793456
27042527
26005802
27166920
21704174
29810400
24123748
27309353
28699458
25609377
6342862
12959835
17570342
11126523
11014428
6011370
9836845
14643012
6337843
14911926
5219336
6576528
14046366
11178231
3587109
15201808
5155179
15254810
6331703
15470430
10824531
15512807
11005606
11230438
11013329
11248017
13908004
15688719
18703384
15723827
14353703
9002396
17122301
11414638
6331305
11460728
6377879
15904260
8047576
6355877
10319610
15925358
12649980
15973710
11000920
16024609
6415232
11517193
8244525
16576843
18386513
6011732
18424108
6330705
11015411
19678188
6450461
16798302
18675167
11658682
14225147
16965651
14336077
11659309
19425875
7024345
17014467
11606914
33131780
34499568
34738566
33051577
33077114
33966194
35402130
35848435
34602512
33752699
33854929
35852040
34124688
33058612
33500701
35178680
34595727
34161842
34597686
35950295
33397209
33129190
33115750
34063115
34253290
33438997
33325391
33753166
35062592
32990253
35811010
33772222
36085946
35190093
35197903
34062617
32053642
31388006
32345367
32419773
29928861
30777913
31683694
32169837
30729767
30314224
31269093
30445265
31584825
29960317
30588889
32449688
31326282
30513549
31085823
32462972
30286087
32470593
32409530
31482589
32223491
30445991
30627835
32084861
32689901
30531731
30192409
31201977
30194569
30137403
30195183
31220201
32817496
29993049
30459341
32592201
30249515
30355777
30471957
32629581
32871691
32636949
31415482
30248714
32650564
32210219
31514096
20818028
29849805
29655372
28456290
22803285
28465267
22098386
27111922
24033300
28524232
29155723
28534070
21088425
22423108
29363886
28590623
22251483
21813440
29688905
20693658
28282475
27416379
21970272
28703583
28420204
24411974
29269406
25964385
20450780
24449707
28005612
20446409
25228876
27725140
20830496
28755767
29642791
27766138
29661122
28774264
29729863
21946266
29768955
21515166
21421708
29096504
21080144
21084096
18588906
19543823
8581578
12505157
16411044
15180586
6330261
17331385
19244920
6335568
16158306
17458507
14096345
4385969
6714482
8009881
6339764
10414542
6364322
6355037
11111273
17698648
6591328
10798016
16180139
9158581
9383666
10895566
9401283
10953925
11896941
17908898
18688673
13663419
18716362
6338949
18960682
9341916
19004420
11001610
11040731
18208698
4629377
13864884
19526811
18291435
17198467
11005090
11481352
34938843
35888318
34991843
36065629
34863272
33366309
33821628
34633411
34368611
34283196
33871800
33369538
36296882
33475675
33189011
34689127
32022942
30354268
31348946
31948147
32867273
32729289
30901412
30379067
31645369
31476525
31588441
32650973
31583992
28336761
20115184
27779845
28011002
28082008
21467491
27936374
21832559
21417560
20920795
10069591
16452175
9352553
5921708
1890003
7074645
6334626
7348582
6362702
17202404
8372126
33427067
33306156
35972859
33294824
33591819
34600737
30195696
31956791
32352104
30532258
31331707
31726334
30293809
32833698
25501853
21784877
26847653
6586249
19598623
11009346
16675095
17679439
33062879
32298252
25501111
6340330
19681988
11336543
33485679
11106820
